[[0.000 0.222 0.111 0.111 0.000 0.000 0.000 0.000 0.111 0.444] [0.285 0.127 0.000 0.097 0.000 0.000 0.000 0.310 0.000 0.180] [0.307 0.107 0.000 0.124 0.000 0.000 0.000 0.309 0.030 0.123] [0.320 0.097 0.000 0.147 0.000 0.000 0.000 0.300 0.032 0.105] [0.324 0.091 0.000 0.166 0.000 0.000 0.000 0.286 0.034 0.099] [0.327 0.087 0.000 0.181 0.000 0.000 0.000 0.274 0.034 0.097] [0.329 0.084 0.000 0.193 0.000 0.000 0.000 0.263 0.034 0.096] [0.332 0.082 0.000 0.202 0.000 0.000 0.000 0.254 0.035 0.096]]
[[0.000 0.222 0.111 0.111 0.000 0.000 0.000 0.111 0.111 0.333] [0.188 0.193 0.056 0.155 0.056 0.000 0.000 0.093 0.085 0.175] [0.244 0.163 0.028 0.189 0.072 0.000 0.000 0.090 0.074 0.142] [0.262 0.138 0.014 0.215 0.072 0.000 0.000 0.086 0.075 0.138] [0.271 0.122 0.007 0.236 0.064 0.000 0.000 0.080 0.077 0.143] [0.277 0.112 0.003 0.251 0.055 0.000 0.000 0.073 0.079 0.149] [0.284 0.106 0.002 0.262 0.046 0.000 0.000 0.066 0.080 0.154] [0.290 0.103 0.001 0.270 0.037 0.000 0.000 0.060 0.080 0.159]]
[[0.111 0.000 0.111 0.333 0.000 0.000 0.000 0.000 0.333 0.111] [0.480 0.000 0.080 0.278 0.019 0.000 0.000 0.070 0.070 0.003] [0.547 0.000 0.081 0.202 0.013 0.000 0.000 0.098 0.046 0.014] [0.574 0.000 0.085 0.151 0.014 0.000 0.000 0.122 0.038 0.016] [0.577 0.000 0.090 0.118 0.014 0.000 0.000 0.146 0.038 0.016] [0.569 0.000 0.093 0.098 0.015 0.000 0.000 0.170 0.038 0.016] [0.556 0.000 0.094 0.085 0.015 0.000 0.000 0.194 0.039 0.016] [0.540 0.000 0.095 0.077 0.016 0.000 0.000 0.218 0.039 0.016]]
[[0.111 0.111 0.222 0.000 0.000 0.000 0.000 0.000 0.111 0.444] [0.317 0.000 0.200 0.064 0.000 0.040 0.000 0.166 0.060 0.154] [0.383 0.000 0.080 0.080 0.000 0.014 0.000 0.229 0.094 0.120] [0.383 0.000 0.032 0.096 0.000 0.011 0.000 0.253 0.090 0.135] [0.368 0.000 0.013 0.107 0.000 0.012 0.000 0.268 0.088 0.144] [0.351 0.000 0.005 0.114 0.000 0.013 0.000 0.280 0.089 0.148] [0.335 0.000 0.002 0.119 0.000 0.013 0.000 0.290 0.092 0.149] [0.322 0.000 0.001 0.122 0.000 0.014 0.000 0.299 0.093 0.150]]
[[0.111 0.222 0.222 0.111 0.000 0.000 0.000 0.000 0.111 0.222] [0.214 0.087 0.136 0.000 0.000 0.000 0.000 0.289 0.117 0.157] [0.235 0.044 0.099 0.000 0.000 0.000 0.000 0.385 0.104 0.131] [0.230 0.030 0.080 0.000 0.000 0.000 0.000 0.449 0.090 0.121] [0.216 0.025 0.068 0.000 0.000 0.000 0.000 0.495 0.078 0.119] [0.200 0.023 0.059 0.000 0.000 0.000 0.000 0.528 0.068 0.121] [0.187 0.023 0.052 0.000 0.000 0.000 0.000 0.554 0.060 0.125] [0.175 0.024 0.046 0.000 0.000 0.000 0.000 0.574 0.053 0.128]]
[[0.000 0.111 0.111 0.000 0.556 0.000 0.000 0.111 0.000 0.111] [0.064 0.111 0.133 0.000 0.342 0.000 0.000 0.147 0.136 0.067] [0.156 0.111 0.125 0.005 0.210 0.000 0.000 0.169 0.149 0.075] [0.223 0.111 0.102 0.013 0.129 0.000 0.000 0.181 0.159 0.080] [0.267 0.111 0.082 0.019 0.080 0.000 0.000 0.188 0.173 0.082] [0.296 0.111 0.066 0.022 0.049 0.000 0.000 0.190 0.184 0.082] [0.315 0.111 0.056 0.025 0.030 0.000 0.000 0.191 0.191 0.081] [0.327 0.111 0.050 0.026 0.019 0.000 0.000 0.191 0.196 0.080]]
[[0.000 0.000 0.111 0.111 0.444 0.000 0.000 0.000 0.333 0.000] [0.032 0.028 0.100 0.117 0.362 0.000 0.080 0.047 0.207 0.028] [0.084 0.045 0.090 0.111 0.296 0.000 0.115 0.043 0.199 0.017] [0.131 0.062 0.086 0.105 0.243 0.000 0.136 0.039 0.182 0.017] [0.175 0.077 0.083 0.099 0.201 0.000 0.146 0.035 0.170 0.015] [0.216 0.091 0.079 0.094 0.168 0.000 0.149 0.031 0.158 0.014] [0.254 0.104 0.075 0.088 0.142 0.000 0.147 0.028 0.148 0.013] [0.289 0.117 0.071 0.083 0.121 0.000 0.143 0.026 0.138 0.012]]
[[0.000 0.111 0.111 0.000 0.222 0.111 0.000 0.000 0.333 0.111] [0.053 0.000 0.111 0.007 0.270 0.000 0.000 0.159 0.137 0.263] [0.031 0.000 0.111 0.015 0.262 0.000 0.000 0.172 0.125 0.283] [0.029 0.000 0.111 0.017 0.252 0.000 0.000 0.183 0.108 0.301] [0.027 0.000 0.111 0.018 0.239 0.000 0.000 0.191 0.100 0.315] [0.025 0.000 0.111 0.019 0.226 0.000 0.000 0.198 0.094 0.327] [0.024 0.000 0.111 0.019 0.214 0.000 0.000 0.204 0.091 0.337] [0.023 0.000 0.111 0.020 0.203 0.000 0.000 0.210 0.088 0.345]]
[[0.000 0.000 0.000 0.000 0.556 0.222 0.000 0.000 0.000 0.222] [0.107 0.000 0.113 0.000 0.306 0.194 0.000 0.093 0.040 0.147] [0.177 0.000 0.149 0.000 0.177 0.170 0.000 0.158 0.041 0.128] [0.209 0.000 0.153 0.000 0.110 0.149 0.000 0.206 0.042 0.132] [0.226 0.000 0.145 0.000 0.074 0.130 0.000 0.243 0.043 0.139] [0.238 0.000 0.134 0.000 0.053 0.114 0.000 0.274 0.043 0.145] [0.246 0.000 0.122 0.000 0.041 0.100 0.000 0.299 0.043 0.149] [0.251 0.000 0.112 0.000 0.033 0.087 0.000 0.321 0.042 0.153]]
[[0.000 0.111 0.222 0.000 0.667 0.000 0.000 0.000 0.000 0.000] [0.022 0.093 0.323 0.000 0.481 0.000 0.000 0.008 0.065 0.008] [0.038 0.138 0.379 0.000 0.348 0.000 0.000 0.025 0.061 0.012] [0.057 0.149 0.412 0.000 0.251 0.000 0.000 0.043 0.074 0.014] [0.072 0.163 0.426 0.000 0.181 0.000 0.000 0.063 0.080 0.015] [0.084 0.171 0.430 0.000 0.131 0.000 0.000 0.082 0.087 0.016] [0.093 0.180 0.425 0.000 0.095 0.000 0.000 0.098 0.093 0.016] [0.100 0.188 0.416 0.000 0.068 0.000 0.000 0.112 0.099 0.016]]
