[[0.000 0.667 0.000 0.000 0.000 0.000 0.000 0.000 0.000 0.333] [0.167 0.381 0.000 0.000 0.000 0.000 0.000 0.357 0.000 0.095] [0.230 0.317 0.000 0.000 0.000 0.000 0.000 0.371 0.028 0.054] [0.283 0.294 0.000 0.000 0.000 0.000 0.000 0.340 0.038 0.045] [0.317 0.283 0.000 0.000 0.000 0.000 0.000 0.311 0.047 0.042] [0.342 0.277 0.000 0.000 0.000 0.000 0.000 0.288 0.053 0.040] [0.359 0.273 0.000 0.000 0.000 0.000 0.000 0.272 0.057 0.040] [0.370 0.270 0.000 0.000 0.000 0.000 0.000 0.261 0.060 0.039]]
[[0.000 0.000 0.333 0.000 0.000 0.000 0.000 0.000 0.000 0.667] [0.133 0.000 0.000 0.000 0.000 0.000 0.000 0.467 0.000 0.400] [0.169 0.000 0.000 0.058 0.000 0.000 0.000 0.488 0.000 0.284] [0.169 0.000 0.000 0.119 0.000 0.000 0.000 0.484 0.000 0.227] [0.158 0.000 0.000 0.180 0.000 0.000 0.000 0.469 0.000 0.193] [0.144 0.000 0.000 0.239 0.000 0.000 0.000 0.449 0.000 0.168] [0.130 0.000 0.000 0.295 0.000 0.000 0.000 0.427 0.000 0.149] [0.116 0.000 0.000 0.348 0.000 0.000 0.000 0.403 0.000 0.133]]
[[0.000 0.000 0.000 0.333 0.000 0.000 0.000 0.000 0.333 0.333] [0.583 0.000 0.000 0.250 0.000 0.000 0.000 0.167 0.000 0.000] [0.471 0.000 0.000 0.243 0.000 0.000 0.000 0.111 0.058 0.117] [0.536 0.000 0.000 0.219 0.000 0.000 0.000 0.103 0.047 0.094] [0.548 0.000 0.000 0.199 0.000 0.000 0.000 0.092 0.054 0.107] [0.567 0.000 0.000 0.180 0.000 0.000 0.000 0.088 0.055 0.110] [0.579 0.000 0.000 0.164 0.000 0.000 0.000 0.086 0.057 0.113] [0.588 0.000 0.000 0.152 0.000 0.000 0.000 0.086 0.058 0.116]]
[[0.000 0.333 0.000 0.333 0.000 0.000 0.000 0.000 0.333 0.000] [0.333 0.333 0.000 0.167 0.000 0.000 0.000 0.000 0.000 0.167] [0.454 0.167 0.000 0.083 0.000 0.000 0.000 0.000 0.074 0.222] [0.401 0.120 0.000 0.042 0.000 0.000 0.000 0.000 0.100 0.336] [0.356 0.110 0.000 0.021 0.000 0.000 0.000 0.000 0.104 0.408] [0.334 0.107 0.000 0.010 0.000 0.000 0.000 0.000 0.105 0.443] [0.325 0.106 0.000 0.005 0.000 0.000 0.000 0.000 0.105 0.459] [0.320 0.105 0.000 0.003 0.000 0.000 0.000 0.000 0.105 0.467]]
[[0.000 0.000 0.000 0.000 0.000 0.000 0.000 0.000 0.000 1.000] [0.750 0.000 0.000 0.000 0.000 0.000 0.000 0.000 0.250 0.000] [0.650 0.000 0.000 0.275 0.000 0.000 0.000 0.000 0.000 0.075] [0.511 0.000 0.000 0.350 0.000 0.000 0.000 0.000 0.074 0.065] [0.443 0.000 0.000 0.419 0.000 0.000 0.000 0.000 0.086 0.051] [0.392 0.000 0.000 0.467 0.000 0.000 0.000 0.000 0.097 0.044] [0.356 0.000 0.000 0.500 0.000 0.000 0.000 0.000 0.105 0.039] [0.331 0.000 0.000 0.524 0.000 0.000 0.000 0.000 0.110 0.036]]
[[0.000 0.333 0.333 0.000 0.000 0.000 0.000 0.333 0.000 0.000] [0.000 0.250 0.167 0.083 0.167 0.000 0.000 0.250 0.083 0.000] [0.000 0.271 0.083 0.125 0.217 0.000 0.000 0.221 0.063 0.021] [0.000 0.266 0.042 0.170 0.215 0.000 0.000 0.221 0.055 0.031] [0.000 0.254 0.021 0.214 0.193 0.000 0.000 0.220 0.055 0.042] [0.000 0.246 0.010 0.258 0.165 0.000 0.000 0.212 0.055 0.053] [0.000 0.240 0.005 0.300 0.137 0.000 0.000 0.201 0.053 0.064] [0.000 0.233 0.003 0.340 0.112 0.000 0.000 0.188 0.050 0.075]]
[[0.333 0.000 0.000 0.000 0.000 0.000 0.000 0.000 0.333 0.333] [0.929 0.000 0.024 0.024 0.000 0.000 0.000 0.000 0.000 0.024] [0.753 0.000 0.090 0.090 0.000 0.000 0.000 0.000 0.000 0.066] [0.658 0.000 0.144 0.144 0.000 0.000 0.000 0.000 0.000 0.054] [0.571 0.000 0.191 0.191 0.000 0.000 0.000 0.000 0.000 0.047] [0.496 0.000 0.232 0.232 0.000 0.000 0.000 0.000 0.000 0.041] [0.430 0.000 0.267 0.267 0.000 0.000 0.000 0.000 0.000 0.035] [0.373 0.000 0.298 0.298 0.000 0.000 0.000 0.000 0.000 0.031]]
[[0.000 0.000 0.333 0.667 0.000 0.000 0.000 0.000 0.000 0.000] [0.389 0.000 0.167 0.444 0.000 0.000 0.000 0.000 0.000 0.000] [0.556 0.000 0.083 0.296 0.000 0.000 0.000 0.032 0.032 0.000] [0.603 0.000 0.052 0.252 0.000 0.000 0.000 0.046 0.046 0.000] [0.613 0.000 0.042 0.245 0.000 0.000 0.000 0.050 0.050 0.000] [0.613 0.000 0.038 0.247 0.000 0.000 0.000 0.051 0.051 0.000] [0.612 0.000 0.036 0.250 0.000 0.000 0.000 0.051 0.051 0.000] [0.611 0.000 0.035 0.252 0.000 0.000 0.000 0.051 0.051 0.000]]
[[0.000 0.000 0.000 0.333 0.000 0.000 0.000 0.000 0.667 0.000] [0.556 0.000 0.000 0.000 0.000 0.000 0.000 0.222 0.222 0.000] [0.568 0.000 0.062 0.000 0.000 0.000 0.000 0.296 0.074 0.000] [0.529 0.000 0.063 0.000 0.062 0.000 0.000 0.321 0.025 0.000] [0.479 0.000 0.059 0.000 0.063 0.000 0.000 0.329 0.070 0.000] [0.449 0.000 0.053 0.000 0.059 0.000 0.000 0.353 0.086 0.000] [0.428 0.000 0.050 0.000 0.053 0.000 0.000 0.381 0.088 0.000] [0.410 0.000 0.048 0.000 0.050 0.000 0.000 0.411 0.082 0.000]]
[[0.000 0.333 0.333 0.000 0.000 0.000 0.000 0.000 0.000 0.333] [0.250 0.000 0.500 0.000 0.000 0.000 0.000 0.250 0.000 0.000] [0.292 0.000 0.250 0.042 0.000 0.000 0.000 0.375 0.000 0.042] [0.278 0.000 0.125 0.090 0.000 0.000 0.000 0.458 0.000 0.049] [0.241 0.000 0.063 0.137 0.000 0.000 0.000 0.514 0.000 0.046] [0.199 0.000 0.031 0.177 0.000 0.000 0.000 0.553 0.000 0.040] [0.161 0.000 0.016 0.210 0.000 0.000 0.000 0.581 0.000 0.033] [0.128 0.000 0.008 0.237 0.000 0.000 0.000 0.601 0.000 0.027]]
[[0.000 0.000 0.333 0.000 0.000 0.000 0.000 0.000 0.000 0.667] [0.556 0.000 0.000 0.000 0.000 0.111 0.000 0.222 0.000 0.111] [0.454 0.000 0.000 0.000 0.000 0.019 0.000 0.204 0.181 0.144] [0.388 0.000 0.000 0.000 0.000 0.024 0.000 0.201 0.075 0.312] [0.395 0.000 0.000 0.000 0.000 0.052 0.000 0.255 0.072 0.226] [0.372 0.000 0.000 0.000 0.000 0.038 0.000 0.266 0.101 0.223] [0.353 0.000 0.000 0.000 0.000 0.037 0.000 0.274 0.084 0.252] [0.349 0.000 0.000 0.000 0.000 0.042 0.000 0.289 0.081 0.239]]
[[0.333 0.000 0.000 0.000 0.000 0.000 0.000 0.000 0.333 0.333] [0.367 0.000 0.000 0.178 0.000 0.000 0.000 0.000 0.200 0.256] [0.370 0.000 0.000 0.184 0.000 0.000 0.000 0.000 0.179 0.266] [0.369 0.000 0.000 0.186 0.000 0.000 0.000 0.000 0.169 0.276] [0.366 0.000 0.000 0.188 0.000 0.000 0.000 0.000 0.163 0.283] [0.362 0.000 0.000 0.190 0.000 0.000 0.000 0.000 0.161 0.288] [0.358 0.000 0.000 0.191 0.000 0.000 0.000 0.000 0.160 0.291] [0.354 0.000 0.000 0.193 0.000 0.000 0.000 0.000 0.160 0.294]]
[[0.000 0.000 0.667 0.333 0.000 0.000 0.000 0.000 0.000 0.000] [0.167 0.000 0.167 0.000 0.000 0.000 0.000 0.500 0.167 0.000] [0.175 0.000 0.083 0.000 0.000 0.000 0.000 0.575 0.167 0.000] [0.161 0.000 0.063 0.000 0.000 0.000 0.000 0.631 0.146 0.000] [0.144 0.000 0.052 0.000 0.000 0.000 0.000 0.679 0.125 0.000] [0.128 0.000 0.044 0.000 0.000 0.000 0.000 0.721 0.107 0.000] [0.114 0.000 0.038 0.000 0.000 0.000 0.000 0.757 0.091 0.000] [0.101 0.000 0.032 0.000 0.000 0.000 0.000 0.789 0.078 0.000]]
[[0.000 0.667 0.000 0.000 0.000 0.000 0.000 0.000 0.000 0.333] [0.333 0.333 0.000 0.000 0.000 0.000 0.000 0.167 0.000 0.167] [0.389 0.167 0.000 0.000 0.000 0.000 0.000 0.306 0.056 0.083] [0.343 0.083 0.000 0.000 0.000 0.000 0.000 0.468 0.065 0.042] [0.270 0.042 0.000 0.000 0.000 0.000 0.000 0.610 0.057 0.021] [0.201 0.021 0.000 0.000 0.000 0.000 0.000 0.723 0.045 0.010] [0.144 0.010 0.000 0.000 0.000 0.000 0.000 0.807 0.033 0.005] [0.101 0.005 0.000 0.000 0.000 0.000 0.000 0.867 0.024 0.003]]
[[0.333 0.000 0.000 0.000 0.000 0.000 0.000 0.000 0.333 0.333] [0.571 0.000 0.048 0.000 0.000 0.000 0.000 0.133 0.000 0.248] [0.408 0.000 0.117 0.000 0.000 0.000 0.000 0.166 0.012 0.297] [0.303 0.000 0.146 0.000 0.000 0.000 0.000 0.202 0.029 0.319] [0.246 0.000 0.153 0.000 0.000 0.000 0.000 0.229 0.037 0.336] [0.212 0.000 0.150 0.000 0.000 0.000 0.000 0.249 0.038 0.351] [0.190 0.000 0.143 0.000 0.000 0.000 0.000 0.265 0.037 0.365] [0.173 0.000 0.134 0.000 0.000 0.000 0.000 0.278 0.036 0.379]]
[[0.000 0.000 0.000 0.000 0.667 0.000 0.000 0.000 0.000 0.333] [0.333 0.000 0.083 0.000 0.500 0.000 0.000 0.000 0.083 0.000] [0.329 0.000 0.083 0.000 0.375 0.000 0.000 0.042 0.171 0.000] [0.348 0.000 0.090 0.000 0.281 0.000 0.000 0.083 0.198 0.000] [0.372 0.000 0.085 0.000 0.211 0.000 0.000 0.128 0.204 0.000] [0.391 0.000 0.077 0.000 0.158 0.000 0.000 0.170 0.203 0.000] [0.402 0.000 0.070 0.000 0.119 0.000 0.000 0.209 0.199 0.000] [0.407 0.000 0.065 0.000 0.089 0.000 0.000 0.244 0.195 0.000]]
[[0.000 0.000 0.333 0.000 0.333 0.000 0.000 0.333 0.000 0.000] [0.150 0.000 0.367 0.000 0.167 0.000 0.000 0.250 0.000 0.067] [0.211 0.000 0.303 0.000 0.083 0.000 0.000 0.225 0.071 0.107] [0.222 0.000 0.224 0.000 0.042 0.000 0.000 0.221 0.141 0.149] [0.211 0.000 0.155 0.000 0.021 0.000 0.000 0.222 0.201 0.190] [0.192 0.000 0.103 0.000 0.010 0.000 0.000 0.219 0.248 0.227] [0.171 0.000 0.067 0.000 0.005 0.000 0.000 0.212 0.286 0.258] [0.152 0.000 0.043 0.000 0.003 0.000 0.000 0.202 0.315 0.285]]
[[0.000 0.333 0.000 0.000 0.667 0.000 0.000 0.000 0.000 0.000] [0.000 0.333 0.000 0.000 0.222 0.000 0.000 0.222 0.222 0.000] [0.148 0.333 0.000 0.000 0.074 0.000 0.000 0.222 0.148 0.074] [0.198 0.333 0.000 0.049 0.025 0.000 0.000 0.222 0.099 0.074] [0.198 0.333 0.000 0.066 0.008 0.000 0.000 0.189 0.132 0.074] [0.219 0.333 0.000 0.066 0.003 0.000 0.000 0.184 0.132 0.063] [0.234 0.333 0.000 0.073 0.001 0.000 0.000 0.169 0.128 0.061] [0.241 0.333 0.000 0.078 0.000 0.000 0.000 0.161 0.130 0.056]]
[[0.000 0.000 0.333 0.000 0.333 0.000 0.000 0.000 0.333 0.000] [0.000 0.000 0.037 0.067 0.426 0.000 0.000 0.037 0.367 0.067] [0.037 0.000 0.047 0.140 0.350 0.000 0.000 0.047 0.305 0.073] [0.084 0.000 0.039 0.201 0.296 0.000 0.000 0.039 0.280 0.061] [0.123 0.000 0.033 0.257 0.249 0.000 0.000 0.033 0.249 0.056] [0.156 0.000 0.028 0.307 0.210 0.000 0.000 0.028 0.222 0.050] [0.184 0.000 0.023 0.351 0.178 0.000 0.000 0.023 0.197 0.044] [0.207 0.000 0.020 0.390 0.150 0.000 0.000 0.020 0.174 0.039]]
[[0.000 0.000 0.000 0.333 0.333 0.000 0.000 0.000 0.333 0.000] [0.000 0.083 0.000 0.222 0.333 0.000 0.000 0.111 0.250 0.000] [0.000 0.146 0.000 0.148 0.333 0.000 0.000 0.074 0.299 0.000] [0.000 0.220 0.000 0.099 0.333 0.000 0.000 0.049 0.298 0.000] [0.000 0.295 0.000 0.066 0.333 0.000 0.000 0.033 0.273 0.000] [0.000 0.363 0.000 0.044 0.333 0.000 0.000 0.022 0.238 0.000] [0.000 0.423 0.000 0.029 0.333 0.000 0.000 0.015 0.200 0.000] [0.000 0.473 0.000 0.020 0.333 0.000 0.000 0.010 0.165 0.000]]
[[0.000 0.000 0.000 0.000 0.667 0.000 0.000 0.000 0.333 0.000] [0.000 0.000 0.111 0.000 0.000 0.000 0.556 0.000 0.333 0.000] [0.044 0.000 0.247 0.000 0.000 0.000 0.639 0.000 0.069 0.000] [0.143 0.000 0.251 0.000 0.000 0.000 0.525 0.000 0.080 0.000] [0.244 0.000 0.243 0.000 0.000 0.000 0.447 0.000 0.066 0.000] [0.341 0.000 0.224 0.000 0.000 0.000 0.379 0.000 0.056 0.000] [0.431 0.000 0.200 0.000 0.000 0.000 0.322 0.000 0.047 0.000] [0.511 0.000 0.176 0.000 0.000 0.000 0.273 0.000 0.040 0.000]]
[[0.000 0.333 0.333 0.000 0.333 0.000 0.000 0.000 0.000 0.000] [0.000 0.000 0.333 0.000 0.267 0.000 0.000 0.000 0.067 0.333] [0.000 0.000 0.333 0.000 0.213 0.000 0.000 0.000 0.087 0.367] [0.000 0.000 0.333 0.000 0.171 0.000 0.000 0.000 0.086 0.410] [0.000 0.000 0.333 0.000 0.137 0.000 0.000 0.000 0.077 0.453] [0.000 0.000 0.333 0.000 0.109 0.000 0.000 0.000 0.066 0.492] [0.000 0.000 0.333 0.000 0.087 0.000 0.000 0.000 0.055 0.525] [0.000 0.000 0.333 0.000 0.070 0.000 0.000 0.000 0.045 0.552]]
[[0.000 0.000 0.000 0.000 0.000 0.333 0.000 0.000 0.333 0.333] [0.000 0.000 0.000 0.056 0.167 0.000 0.000 0.389 0.167 0.222] [0.000 0.000 0.000 0.037 0.208 0.000 0.000 0.426 0.139 0.190] [0.000 0.000 0.000 0.032 0.226 0.000 0.000 0.458 0.106 0.179] [0.000 0.000 0.000 0.030 0.223 0.000 0.000 0.487 0.085 0.176] [0.000 0.000 0.000 0.029 0.209 0.000 0.000 0.517 0.072 0.173] [0.000 0.000 0.000 0.029 0.193 0.000 0.000 0.545 0.065 0.167] [0.000 0.000 0.000 0.028 0.178 0.000 0.000 0.573 0.061 0.160]]
[[0.000 0.000 0.000 0.000 0.333 0.000 0.000 0.000 0.667 0.000] [0.200 0.000 0.000 0.000 0.467 0.000 0.000 0.167 0.167 0.000] [0.088 0.000 0.000 0.000 0.462 0.000 0.000 0.042 0.242 0.167] [0.107 0.000 0.000 0.000 0.476 0.000 0.000 0.060 0.149 0.208] [0.085 0.000 0.000 0.000 0.466 0.000 0.000 0.037 0.144 0.269] [0.082 0.000 0.000 0.000 0.455 0.000 0.000 0.036 0.121 0.306] [0.076 0.000 0.000 0.000 0.440 0.000 0.000 0.030 0.113 0.342] [0.072 0.000 0.000 0.000 0.424 0.000 0.000 0.028 0.104 0.372]]
[[0.000 0.000 0.000 0.000 0.667 0.333 0.000 0.000 0.000 0.000] [0.000 0.000 0.000 0.000 0.333 0.333 0.000 0.333 0.000 0.000] [0.000 0.000 0.000 0.000 0.167 0.333 0.000 0.500 0.000 0.000] [0.000 0.000 0.000 0.000 0.083 0.333 0.000 0.583 0.000 0.000] [0.000 0.000 0.000 0.000 0.042 0.333 0.000 0.625 0.000 0.000] [0.000 0.000 0.000 0.000 0.021 0.333 0.000 0.646 0.000 0.000] [0.000 0.000 0.000 0.000 0.010 0.333 0.000 0.656 0.000 0.000] [0.000 0.000 0.000 0.000 0.005 0.333 0.000 0.661 0.000 0.000]]
[[0.000 0.000 0.000 0.000 0.667 0.333 0.000 0.000 0.000 0.000] [0.133 0.000 0.133 0.000 0.600 0.000 0.000 0.000 0.000 0.133] [0.253 0.000 0.120 0.000 0.240 0.000 0.000 0.000 0.200 0.187] [0.485 0.000 0.048 0.000 0.096 0.000 0.000 0.000 0.213 0.158] [0.636 0.000 0.019 0.000 0.038 0.000 0.000 0.000 0.127 0.180] [0.656 0.000 0.008 0.000 0.015 0.000 0.000 0.000 0.109 0.212] [0.657 0.000 0.003 0.000 0.006 0.000 0.000 0.000 0.113 0.220] [0.663 0.000 0.001 0.000 0.002 0.000 0.000 0.000 0.113 0.221]]
[[0.000 0.000 0.000 0.000 0.333 0.000 0.000 0.000 0.000 0.667] [0.190 0.000 0.206 0.000 0.222 0.000 0.000 0.000 0.000 0.381] [0.109 0.000 0.305 0.000 0.148 0.000 0.000 0.029 0.000 0.408] [0.117 0.000 0.369 0.000 0.099 0.000 0.000 0.073 0.000 0.342] [0.098 0.000 0.398 0.000 0.066 0.000 0.000 0.126 0.000 0.312] [0.089 0.000 0.408 0.000 0.044 0.000 0.000 0.183 0.000 0.276] [0.079 0.000 0.404 0.000 0.029 0.000 0.000 0.241 0.000 0.247] [0.071 0.000 0.391 0.000 0.020 0.000 0.000 0.299 0.000 0.220]]
[[0.000 0.000 0.333 0.000 0.667 0.000 0.000 0.000 0.000 0.000] [0.000 0.000 0.981 0.000 0.000 0.000 0.000 0.000 0.000 0.019] [0.000 0.000 0.927 0.000 0.000 0.000 0.000 0.000 0.019 0.055] [0.000 0.000 0.882 0.000 0.012 0.000 0.000 0.000 0.055 0.051] [0.000 0.000 0.863 0.000 0.036 0.000 0.000 0.000 0.051 0.049] [0.000 0.000 0.869 0.000 0.034 0.000 0.000 0.000 0.049 0.048] [0.000 0.000 0.871 0.000 0.033 0.000 0.000 0.000 0.048 0.048] [0.000 0.000 0.871 0.000 0.032 0.000 0.000 0.000 0.048 0.048]]
[[0.000 0.333 0.333 0.000 0.333 0.000 0.000 0.000 0.000 0.000] [0.042 0.111 0.403 0.000 0.222 0.000 0.000 0.000 0.222 0.000] [0.078 0.259 0.389 0.000 0.148 0.000 0.000 0.014 0.111 0.000] [0.101 0.198 0.427 0.000 0.099 0.000 0.000 0.033 0.143 0.000] [0.121 0.209 0.440 0.000 0.066 0.000 0.000 0.050 0.115 0.000] [0.135 0.185 0.454 0.000 0.044 0.000 0.000 0.065 0.117 0.000] [0.147 0.178 0.459 0.000 0.029 0.000 0.000 0.078 0.109 0.000] [0.155 0.168 0.461 0.000 0.020 0.000 0.000 0.088 0.108 0.000]]
[[0.000 0.000 0.000 0.000 1.000 0.000 0.000 0.000 0.000 0.000] [0.000 0.077 0.077 0.000 0.846 0.000 0.000 0.000 0.000 0.000] [0.015 0.111 0.065 0.000 0.716 0.000 0.000 0.077 0.015 0.000] [0.022 0.137 0.055 0.000 0.621 0.000 0.000 0.142 0.022 0.000] [0.027 0.152 0.048 0.000 0.548 0.000 0.000 0.197 0.027 0.000] [0.030 0.161 0.042 0.000 0.491 0.000 0.000 0.245 0.030 0.000] [0.032 0.165 0.038 0.000 0.446 0.000 0.000 0.287 0.032 0.000] [0.033 0.165 0.034 0.000 0.410 0.000 0.000 0.325 0.033 0.000]]
