[[0.6842 0.0526 0.0000 0.0000 0.0000 0.0000 0.0000 0.0000 0.1053 0.1579] [0.0000 0.5714 0.0000 0.0000 0.0000 0.0000 0.0000 0.2857 0.0000 0.1429] [0.0000 0.0000 0.0000 0.0000 0.0000 0.0000 0.0000 1.0000 0.0000 0.0000] [0.1250 0.0000 0.0000 0.8750 0.0000 0.0000 0.0000 0.0000 0.0000 0.0000] [0.0000 0.2222 0.1111 0.1111 0.0000 0.0000 0.0000 0.0000 0.1111 0.4444] [0.0000 0.2222 0.1111 0.1111 0.0000 0.0000 0.0000 0.0000 0.1111 0.4444] [0.0000 0.2222 0.1111 0.1111 0.0000 0.0000 0.0000 0.0000 0.1111 0.4444] [0.0625 0.0625 0.0000 0.1250 0.0000 0.0000 0.0000 0.7500 0.0000 0.0000] [0.6667 0.0000 0.0000 0.0000 0.0000 0.0000 0.0000 0.3333 0.0000 0.0000] [0.4444 0.0000 0.0000 0.0000 0.0000 0.0000 0.0000 0.2222 0.0000 0.3333]]
[[0.6250 0.0000 0.0000 0.1250 0.0000 0.0000 0.0000 0.0000 0.0625 0.1875] [0.1667 0.6667 0.0000 0.0000 0.0000 0.0000 0.0000 0.1667 0.0000 0.0000] [0.0000 0.0000 0.5000 0.0000 0.5000 0.0000 0.0000 0.0000 0.0000 0.0000] [0.0909 0.0000 0.0000 0.7273 0.0000 0.0000 0.0000 0.0000 0.0909 0.0909] [0.0000 0.0000 0.0000 0.0000 0.8000 0.0000 0.0000 0.2000 0.0000 0.0000] [0.0000 0.2222 0.1111 0.1111 0.0000 0.0000 0.0000 0.1111 0.1111 0.3333] [0.0000 0.2222 0.1111 0.1111 0.0000 0.0000 0.0000 0.1111 0.1111 0.3333] [0.0000 0.0000 0.0000 0.2500 0.0000 0.0000 0.0000 0.5000 0.2500 0.0000] [0.2000 0.4000 0.0000 0.2000 0.0000 0.0000 0.0000 0.0000 0.0000 0.2000] [0.3571 0.0000 0.0000 0.0714 0.0000 0.0000 0.0000 0.0000 0.1429 0.4286]]
[[0.8286 0.0000 0.0571 0.0286 0.0000 0.0000 0.0000 0.0286 0.0286 0.0286] [0.1111 0.0000 0.1111 0.3333 0.0000 0.0000 0.0000 0.0000 0.3333 0.1111] [0.1667 0.0000 0.6667 0.0000 0.1667 0.0000 0.0000 0.0000 0.0000 0.0000] [0.3750 0.0000 0.0000 0.6250 0.0000 0.0000 0.0000 0.0000 0.0000 0.0000] [0.0000 0.0000 0.0000 0.0000 0.0000 0.0000 0.0000 0.0000 1.0000 0.0000] [0.1111 0.0000 0.1111 0.3333 0.0000 0.0000 0.0000 0.0000 0.3333 0.1111] [0.1111 0.0000 0.1111 0.3333 0.0000 0.0000 0.0000 0.0000 0.3333 0.1111] [0.0000 0.0000 0.0000 0.0000 0.0000 0.0000 0.0000 1.0000 0.0000 0.0000] [0.4000 0.0000 0.0000 0.2000 0.0000 0.0000 0.0000 0.2000 0.2000 0.0000] [1.0000 0.0000 0.0000 0.0000 0.0000 0.0000 0.0000 0.0000 0.0000 0.0000]]
[[0.7917 0.0000 0.0000 0.0417 0.0000 0.0000 0.0000 0.0000 0.0417 0.1250] [0.0000 0.0000 1.0000 0.0000 0.0000 0.0000 0.0000 0.0000 0.0000 0.0000] [0.4000 0.0000 0.4000 0.0000 0.0000 0.0000 0.0000 0.2000 0.0000 0.0000] [0.0000 0.0000 0.0000 0.6667 0.0000 0.0000 0.0000 0.0000 0.1667 0.1667] [0.1111 0.1111 0.2222 0.0000 0.0000 0.0000 0.0000 0.0000 0.1111 0.4444] [0.0000 0.0000 0.0000 0.0000 0.0000 0.0000 0.0000 0.0000 1.0000 0.0000] [0.1111 0.1111 0.2222 0.0000 0.0000 0.0000 0.0000 0.0000 0.1111 0.4444] [0.0000 0.0000 0.0000 0.0000 0.0000 0.0000 0.0000 0.8889 0.0000 0.1111] [0.1667 0.0000 0.0000 0.1667 0.0000 0.0000 0.0000 0.0000 0.5000 0.1667] [0.2727 0.0000 0.0000 0.0909 0.0000 0.0909 0.0000 0.2727 0.0000 0.2727]]
[[0.7222 0.0000 0.0556 0.0000 0.0000 0.0000 0.0000 0.1111 0.0556 0.0556] [0.2500 0.2500 0.0000 0.0000 0.0000 0.0000 0.0000 0.2500 0.0000 0.2500] [0.1250 0.0000 0.5000 0.0000 0.0000 0.0000 0.0000 0.1250 0.2500 0.0000] [0.0000 0.0000 0.0000 0.0000 0.0000 0.0000 0.0000 1.0000 0.0000 0.0000] [0.1111 0.2222 0.2222 0.1111 0.0000 0.0000 0.0000 0.0000 0.1111 0.2222] [0.1111 0.2222 0.2222 0.1111 0.0000 0.0000 0.0000 0.0000 0.1111 0.2222] [0.1111 0.2222 0.2222 0.1111 0.0000 0.0000 0.0000 0.0000 0.1111 0.2222] [0.0000 0.0000 0.0000 0.0000 0.0000 0.0000 0.0000 0.8947 0.0000 0.1053] [0.1667 0.0000 0.1667 0.0000 0.0000 0.0000 0.0000 0.1667 0.5000 0.0000] [0.1429 0.1429 0.0000 0.0000 0.0000 0.0000 0.0000 0.2857 0.0000 0.4286]]
[[0.6667 0.0000 0.0000 0.0833 0.0000 0.0000 0.0000 0.0833 0.1667 0.0000] [0.0000 1.0000 0.0000 0.0000 0.0000 0.0000 0.0000 0.0000 0.0000 0.0000] [0.2857 0.0000 0.4286 0.0000 0.0000 0.0000 0.0000 0.1429 0.0000 0.1429] [0.0000 0.0000 0.0000 0.0000 0.0000 0.0000 0.0000 0.0000 1.0000 0.0000] [0.0000 0.0000 0.1538 0.0000 0.6154 0.0000 0.0000 0.0769 0.1538 0.0000] [0.0000 0.1111 0.1111 0.0000 0.5556 0.0000 0.0000 0.1111 0.0000 0.1111] [0.0000 0.1111 0.1111 0.0000 0.5556 0.0000 0.0000 0.1111 0.0000 0.1111] [0.1250 0.0000 0.0000 0.0000 0.0000 0.0000 0.0000 0.6250 0.1250 0.1250] [0.3333 0.0000 0.1111 0.0000 0.0000 0.0000 0.0000 0.1111 0.3333 0.1111] [0.1667 0.0000 0.0000 0.0000 0.0000 0.0000 0.0000 0.1667 0.3333 0.3333]]
[[1.0000 0.0000 0.0000 0.0000 0.0000 0.0000 0.0000 0.0000 0.0000 0.0000] [0.0000 1.0000 0.0000 0.0000 0.0000 0.0000 0.0000 0.0000 0.0000 0.0000] [0.2857 0.0000 0.4286 0.0000 0.1429 0.0000 0.0000 0.0000 0.1429 0.0000] [0.0000 0.0000 0.0000 0.8000 0.0000 0.0000 0.0000 0.2000 0.0000 0.0000] [0.0000 0.0000 0.0556 0.0000 0.7778 0.0000 0.0556 0.0556 0.0556 0.0000] [0.0000 0.0000 0.1111 0.1111 0.4444 0.0000 0.0000 0.0000 0.3333 0.0000] [0.0000 0.0000 0.1250 0.0000 0.0000 0.0000 0.7500 0.0000 0.1250 0.0000] [0.5000 0.0000 0.0000 0.0000 0.0000 0.0000 0.0000 0.0000 0.5000 0.0000] [0.0000 0.0833 0.0833 0.0833 0.0000 0.0000 0.1667 0.0000 0.5000 0.0833] [0.0000 0.0000 0.0000 0.0000 0.0000 0.0000 0.0000 0.0000 1.0000 0.0000]]
[[0.0000 0.0000 0.0000 0.0000 0.0000 0.0000 0.0000 0.0000 1.0000 0.0000] [0.0000 0.0000 0.0000 0.0000 0.0000 0.0000 0.0000 0.0000 0.0000 1.0000] [0.0000 0.0000 1.0000 0.0000 0.0000 0.0000 0.0000 0.0000 0.0000 0.0000] [0.0000 0.0000 0.0000 0.0000 0.0000 0.0000 0.0000 0.0000 1.0000 0.0000] [0.0526 0.0000 0.0000 0.0000 0.8421 0.0000 0.0000 0.0000 0.0526 0.0526] [0.0000 0.0000 0.0000 0.0000 0.0000 0.0000 0.0000 1.0000 0.0000 0.0000] [0.0000 0.1111 0.1111 0.0000 0.2222 0.1111 0.0000 0.0000 0.3333 0.1111] [0.0000 0.0000 0.0000 0.0000 0.0000 0.0000 0.0000 0.8750 0.0000 0.1250] [0.1250 0.0000 0.0000 0.0000 0.2500 0.0000 0.0000 0.1250 0.3750 0.1250] [0.0000 0.0000 0.0000 0.0588 0.0000 0.0000 0.0000 0.0588 0.0000 0.8824]]
[[0.6667 0.0000 0.0000 0.0000 0.0000 0.0000 0.0000 0.0000 0.0000 0.3333] [0.0000 0.0000 0.0000 0.0000 0.5556 0.2222 0.0000 0.0000 0.0000 0.2222] [0.0000 0.0000 0.7500 0.0000 0.0000 0.0000 0.0000 0.1250 0.1250 0.0000] [0.0000 0.0000 0.0000 0.0000 0.5556 0.2222 0.0000 0.0000 0.0000 0.2222] [0.0833 0.0000 0.1667 0.0000 0.5000 0.0000 0.0000 0.1667 0.0000 0.0833] [0.0000 0.0000 0.0000 0.0000 0.1250 0.8750 0.0000 0.0000 0.0000 0.0000] [0.0000 0.0000 0.0000 0.0000 0.5556 0.2222 0.0000 0.0000 0.0000 0.2222] [0.0000 0.0000 0.0000 0.0000 0.0000 0.0000 0.0000 1.0000 0.0000 0.0000] [1.0000 0.0000 0.0000 0.0000 0.0000 0.0000 0.0000 0.0000 0.0000 0.0000] [0.2727 0.0000 0.0909 0.0000 0.0000 0.0000 0.0000 0.0000 0.1818 0.4545]]
[[0.6667 0.0000 0.0000 0.0000 0.0000 0.0000 0.0000 0.3333 0.0000 0.0000] [0.1250 0.5000 0.1250 0.0000 0.0000 0.0000 0.0000 0.0000 0.2500 0.0000] [0.0370 0.0000 0.8889 0.0000 0.0000 0.0000 0.0000 0.0370 0.0000 0.0370] [0.0000 0.1111 0.2222 0.0000 0.6667 0.0000 0.0000 0.0000 0.0000 0.0000] [0.0000 0.0556 0.1667 0.0000 0.7222 0.0000 0.0000 0.0000 0.0556 0.0000] [0.0000 0.1111 0.2222 0.0000 0.6667 0.0000 0.0000 0.0000 0.0000 0.0000] [0.0000 0.1111 0.2222 0.0000 0.6667 0.0000 0.0000 0.0000 0.0000 0.0000] [0.0000 0.0000 0.0000 0.0000 0.0000 0.0000 0.0000 0.6667 0.3333 0.0000] [0.0000 1.0000 0.0000 0.0000 0.0000 0.0000 0.0000 0.0000 0.0000 0.0000] [0.0000 0.0000 0.0000 0.0000 0.0000 0.0000 0.0000 0.0000 1.0000 0.0000]]
